Before:	1 858735 41656 0.280000
After:	1 1510612 41000 0.317000
