Before:	1 172191 43744 0.265000
After:	1 151289 44256 0.284000
