Before:	1 492066 39856 0.324000
After:	1 128701 41236 0.327000
