Before:	1 294117 40071 0.172400
After:	1 130101 41304 0.158400
