Before:	1 448389 40868 0.263000
After:	1 132513 41252 0.246000
