Before:	1 164564 39212 0.158000
After:	1 110317 39308 0.135000
